k1=20600;
k2=21000;
l_1=1;
l_2=1;
m=1445;
J=4565;
c1=2000;
c2=2000;